test_loss: 0.024076741188764572
mean_ssim: 0.9400578141212463
mean_psnr: 29.725408517642126
