test_loss: 0.032803602516651154
mean_ssim: 0.897824227809906
mean_psnr: 27.086093065059
