test_loss: 0.0020726281218230724
mean_ssim: 0.9008936882019043
mean_psnr: 27.395085748563325
