test_loss: 0.001271854154765606
mean_ssim: 0.9359714984893799
mean_psnr: 29.527562547652593
